{
 "cells": [
  {
   "cell_type": "code",
   "execution_count": 1,
   "metadata": {},
   "outputs": [],
   "source": [
    "import yfinance as yf\n",
    "import pandas as pd\n",
    "import matplotlib.pyplot as plt\n",
    "import seaborn as sns"
   ]
  },
  {
   "cell_type": "code",
   "execution_count": 2,
   "metadata": {},
   "outputs": [],
   "source": [
    "entries = ['^GDAXI','DTE.DE','SAP.DE','FME.DE','BEI.DE','DB1.DE','IFX.DE','WDI.DE','ADS.DE',\n",
    "           'FIE.DE','FNTN.DE','DRW3.DE','AFX.DE','DLG.DE','SOW.DE','HNR1.DE',\n",
    "           'AAPL','MSFT','IBM','PVH']\n",
    "merged_quotes = pd.DataFrame()\n",
    "\n",
    "for symbol in entries:\n",
    "    ticks = yf.Ticker(symbol)\n",
    "    #h = ticks.history('3mo')\n",
    "    h = ticks.history(start='2020-01-01', end='2020-04-20')\n",
    "    history = h['Close']\n",
    "    if merged_quotes.size == 0:\n",
    "        merged_quotes = history.to_frame()\n",
    "    else:\n",
    "        merged_quotes = pd.merge(merged_quotes, history.to_frame(), on='Date')"
   ]
  },
  {
   "cell_type": "code",
   "execution_count": 3,
   "metadata": {},
   "outputs": [
    {
     "data": {
      "text/html": [
       "<div>\n",
       "<style scoped>\n",
       "    .dataframe tbody tr th:only-of-type {\n",
       "        vertical-align: middle;\n",
       "    }\n",
       "\n",
       "    .dataframe tbody tr th {\n",
       "        vertical-align: top;\n",
       "    }\n",
       "\n",
       "    .dataframe thead th {\n",
       "        text-align: right;\n",
       "    }\n",
       "</style>\n",
       "<table border=\"1\" class=\"dataframe\">\n",
       "  <thead>\n",
       "    <tr style=\"text-align: right;\">\n",
       "      <th></th>\n",
       "      <th>^GDAXI</th>\n",
       "      <th>DTE.DE</th>\n",
       "      <th>SAP.DE</th>\n",
       "      <th>FME.DE</th>\n",
       "      <th>BEI.DE</th>\n",
       "      <th>DB1.DE</th>\n",
       "      <th>IFX.DE</th>\n",
       "      <th>WDI.DE</th>\n",
       "      <th>ADS.DE</th>\n",
       "      <th>FIE.DE</th>\n",
       "      <th>FNTN.DE</th>\n",
       "      <th>DRW3.DE</th>\n",
       "      <th>AFX.DE</th>\n",
       "      <th>DLG.DE</th>\n",
       "      <th>SOW.DE</th>\n",
       "      <th>HNR1.DE</th>\n",
       "      <th>AAPL</th>\n",
       "      <th>MSFT</th>\n",
       "      <th>IBM</th>\n",
       "      <th>PVH</th>\n",
       "    </tr>\n",
       "    <tr>\n",
       "      <th>Date</th>\n",
       "      <th></th>\n",
       "      <th></th>\n",
       "      <th></th>\n",
       "      <th></th>\n",
       "      <th></th>\n",
       "      <th></th>\n",
       "      <th></th>\n",
       "      <th></th>\n",
       "      <th></th>\n",
       "      <th></th>\n",
       "      <th></th>\n",
       "      <th></th>\n",
       "      <th></th>\n",
       "      <th></th>\n",
       "      <th></th>\n",
       "      <th></th>\n",
       "      <th></th>\n",
       "      <th></th>\n",
       "      <th></th>\n",
       "      <th></th>\n",
       "    </tr>\n",
       "  </thead>\n",
       "  <tbody>\n",
       "    <tr>\n",
       "      <th>2020-01-02</th>\n",
       "      <td>13385.93</td>\n",
       "      <td>13.88</td>\n",
       "      <td>122.00</td>\n",
       "      <td>65.84</td>\n",
       "      <td>105.65</td>\n",
       "      <td>141.15</td>\n",
       "      <td>20.43</td>\n",
       "      <td>112.40</td>\n",
       "      <td>291.55</td>\n",
       "      <td>71.50</td>\n",
       "      <td>20.80</td>\n",
       "      <td>55.45</td>\n",
       "      <td>112.87</td>\n",
       "      <td>46.94</td>\n",
       "      <td>31.33</td>\n",
       "      <td>174.5</td>\n",
       "      <td>299.64</td>\n",
       "      <td>160.18</td>\n",
       "      <td>134.02</td>\n",
       "      <td>105.23</td>\n",
       "    </tr>\n",
       "    <tr>\n",
       "      <th>2020-01-03</th>\n",
       "      <td>13219.14</td>\n",
       "      <td>13.88</td>\n",
       "      <td>120.46</td>\n",
       "      <td>65.50</td>\n",
       "      <td>105.65</td>\n",
       "      <td>139.40</td>\n",
       "      <td>20.14</td>\n",
       "      <td>112.90</td>\n",
       "      <td>291.95</td>\n",
       "      <td>71.45</td>\n",
       "      <td>20.60</td>\n",
       "      <td>55.35</td>\n",
       "      <td>112.47</td>\n",
       "      <td>45.84</td>\n",
       "      <td>30.78</td>\n",
       "      <td>173.9</td>\n",
       "      <td>296.73</td>\n",
       "      <td>158.19</td>\n",
       "      <td>132.95</td>\n",
       "      <td>103.17</td>\n",
       "    </tr>\n",
       "    <tr>\n",
       "      <th>2020-01-06</th>\n",
       "      <td>13126.99</td>\n",
       "      <td>13.85</td>\n",
       "      <td>119.56</td>\n",
       "      <td>65.02</td>\n",
       "      <td>106.00</td>\n",
       "      <td>138.35</td>\n",
       "      <td>19.80</td>\n",
       "      <td>111.85</td>\n",
       "      <td>289.65</td>\n",
       "      <td>72.15</td>\n",
       "      <td>20.34</td>\n",
       "      <td>55.25</td>\n",
       "      <td>113.07</td>\n",
       "      <td>45.00</td>\n",
       "      <td>30.78</td>\n",
       "      <td>173.1</td>\n",
       "      <td>299.09</td>\n",
       "      <td>158.60</td>\n",
       "      <td>132.71</td>\n",
       "      <td>105.52</td>\n",
       "    </tr>\n",
       "    <tr>\n",
       "      <th>2020-01-07</th>\n",
       "      <td>13226.83</td>\n",
       "      <td>13.87</td>\n",
       "      <td>120.10</td>\n",
       "      <td>65.10</td>\n",
       "      <td>105.75</td>\n",
       "      <td>139.15</td>\n",
       "      <td>20.78</td>\n",
       "      <td>111.85</td>\n",
       "      <td>294.75</td>\n",
       "      <td>71.60</td>\n",
       "      <td>20.75</td>\n",
       "      <td>55.60</td>\n",
       "      <td>113.96</td>\n",
       "      <td>46.28</td>\n",
       "      <td>31.42</td>\n",
       "      <td>174.1</td>\n",
       "      <td>297.68</td>\n",
       "      <td>157.15</td>\n",
       "      <td>132.80</td>\n",
       "      <td>105.53</td>\n",
       "    </tr>\n",
       "    <tr>\n",
       "      <th>2020-01-08</th>\n",
       "      <td>13320.18</td>\n",
       "      <td>13.82</td>\n",
       "      <td>120.82</td>\n",
       "      <td>65.22</td>\n",
       "      <td>106.20</td>\n",
       "      <td>142.25</td>\n",
       "      <td>21.05</td>\n",
       "      <td>111.75</td>\n",
       "      <td>302.85</td>\n",
       "      <td>71.70</td>\n",
       "      <td>20.73</td>\n",
       "      <td>56.00</td>\n",
       "      <td>115.45</td>\n",
       "      <td>46.50</td>\n",
       "      <td>31.89</td>\n",
       "      <td>173.5</td>\n",
       "      <td>302.47</td>\n",
       "      <td>159.65</td>\n",
       "      <td>133.91</td>\n",
       "      <td>106.11</td>\n",
       "    </tr>\n",
       "    <tr>\n",
       "      <th>...</th>\n",
       "      <td>...</td>\n",
       "      <td>...</td>\n",
       "      <td>...</td>\n",
       "      <td>...</td>\n",
       "      <td>...</td>\n",
       "      <td>...</td>\n",
       "      <td>...</td>\n",
       "      <td>...</td>\n",
       "      <td>...</td>\n",
       "      <td>...</td>\n",
       "      <td>...</td>\n",
       "      <td>...</td>\n",
       "      <td>...</td>\n",
       "      <td>...</td>\n",
       "      <td>...</td>\n",
       "      <td>...</td>\n",
       "      <td>...</td>\n",
       "      <td>...</td>\n",
       "      <td>...</td>\n",
       "      <td>...</td>\n",
       "    </tr>\n",
       "    <tr>\n",
       "      <th>2020-04-09</th>\n",
       "      <td>10564.74</td>\n",
       "      <td>12.36</td>\n",
       "      <td>110.00</td>\n",
       "      <td>63.24</td>\n",
       "      <td>91.40</td>\n",
       "      <td>132.65</td>\n",
       "      <td>16.23</td>\n",
       "      <td>112.88</td>\n",
       "      <td>224.30</td>\n",
       "      <td>58.10</td>\n",
       "      <td>16.31</td>\n",
       "      <td>86.50</td>\n",
       "      <td>95.40</td>\n",
       "      <td>27.76</td>\n",
       "      <td>28.28</td>\n",
       "      <td>138.1</td>\n",
       "      <td>267.99</td>\n",
       "      <td>165.14</td>\n",
       "      <td>121.50</td>\n",
       "      <td>49.51</td>\n",
       "    </tr>\n",
       "    <tr>\n",
       "      <th>2020-04-14</th>\n",
       "      <td>10696.56</td>\n",
       "      <td>12.52</td>\n",
       "      <td>112.00</td>\n",
       "      <td>64.06</td>\n",
       "      <td>94.26</td>\n",
       "      <td>135.65</td>\n",
       "      <td>16.84</td>\n",
       "      <td>121.90</td>\n",
       "      <td>224.90</td>\n",
       "      <td>59.30</td>\n",
       "      <td>16.63</td>\n",
       "      <td>81.90</td>\n",
       "      <td>94.05</td>\n",
       "      <td>27.81</td>\n",
       "      <td>28.80</td>\n",
       "      <td>135.0</td>\n",
       "      <td>287.05</td>\n",
       "      <td>173.70</td>\n",
       "      <td>123.91</td>\n",
       "      <td>47.96</td>\n",
       "    </tr>\n",
       "    <tr>\n",
       "      <th>2020-04-15</th>\n",
       "      <td>10279.76</td>\n",
       "      <td>12.19</td>\n",
       "      <td>108.30</td>\n",
       "      <td>62.42</td>\n",
       "      <td>92.98</td>\n",
       "      <td>133.85</td>\n",
       "      <td>15.30</td>\n",
       "      <td>117.38</td>\n",
       "      <td>214.30</td>\n",
       "      <td>58.60</td>\n",
       "      <td>16.01</td>\n",
       "      <td>85.10</td>\n",
       "      <td>90.95</td>\n",
       "      <td>26.44</td>\n",
       "      <td>28.24</td>\n",
       "      <td>132.9</td>\n",
       "      <td>284.43</td>\n",
       "      <td>171.88</td>\n",
       "      <td>118.69</td>\n",
       "      <td>42.33</td>\n",
       "    </tr>\n",
       "    <tr>\n",
       "      <th>2020-04-16</th>\n",
       "      <td>10301.54</td>\n",
       "      <td>12.21</td>\n",
       "      <td>110.10</td>\n",
       "      <td>64.44</td>\n",
       "      <td>93.34</td>\n",
       "      <td>138.85</td>\n",
       "      <td>15.53</td>\n",
       "      <td>118.88</td>\n",
       "      <td>211.70</td>\n",
       "      <td>58.80</td>\n",
       "      <td>15.90</td>\n",
       "      <td>79.70</td>\n",
       "      <td>91.45</td>\n",
       "      <td>26.71</td>\n",
       "      <td>28.42</td>\n",
       "      <td>131.0</td>\n",
       "      <td>286.69</td>\n",
       "      <td>177.04</td>\n",
       "      <td>115.73</td>\n",
       "      <td>40.04</td>\n",
       "    </tr>\n",
       "    <tr>\n",
       "      <th>2020-04-17</th>\n",
       "      <td>10625.78</td>\n",
       "      <td>12.51</td>\n",
       "      <td>113.06</td>\n",
       "      <td>64.84</td>\n",
       "      <td>94.56</td>\n",
       "      <td>139.60</td>\n",
       "      <td>16.55</td>\n",
       "      <td>120.20</td>\n",
       "      <td>218.70</td>\n",
       "      <td>60.65</td>\n",
       "      <td>16.29</td>\n",
       "      <td>77.20</td>\n",
       "      <td>92.90</td>\n",
       "      <td>27.70</td>\n",
       "      <td>29.50</td>\n",
       "      <td>134.2</td>\n",
       "      <td>282.80</td>\n",
       "      <td>178.60</td>\n",
       "      <td>120.12</td>\n",
       "      <td>44.88</td>\n",
       "    </tr>\n",
       "  </tbody>\n",
       "</table>\n",
       "<p>73 rows × 20 columns</p>\n",
       "</div>"
      ],
      "text/plain": [
       "              ^GDAXI  DTE.DE  SAP.DE  FME.DE  BEI.DE  DB1.DE  IFX.DE  WDI.DE  \\\n",
       "Date                                                                           \n",
       "2020-01-02  13385.93   13.88  122.00   65.84  105.65  141.15   20.43  112.40   \n",
       "2020-01-03  13219.14   13.88  120.46   65.50  105.65  139.40   20.14  112.90   \n",
       "2020-01-06  13126.99   13.85  119.56   65.02  106.00  138.35   19.80  111.85   \n",
       "2020-01-07  13226.83   13.87  120.10   65.10  105.75  139.15   20.78  111.85   \n",
       "2020-01-08  13320.18   13.82  120.82   65.22  106.20  142.25   21.05  111.75   \n",
       "...              ...     ...     ...     ...     ...     ...     ...     ...   \n",
       "2020-04-09  10564.74   12.36  110.00   63.24   91.40  132.65   16.23  112.88   \n",
       "2020-04-14  10696.56   12.52  112.00   64.06   94.26  135.65   16.84  121.90   \n",
       "2020-04-15  10279.76   12.19  108.30   62.42   92.98  133.85   15.30  117.38   \n",
       "2020-04-16  10301.54   12.21  110.10   64.44   93.34  138.85   15.53  118.88   \n",
       "2020-04-17  10625.78   12.51  113.06   64.84   94.56  139.60   16.55  120.20   \n",
       "\n",
       "            ADS.DE  FIE.DE  FNTN.DE  DRW3.DE  AFX.DE  DLG.DE  SOW.DE  HNR1.DE  \\\n",
       "Date                                                                            \n",
       "2020-01-02  291.55   71.50    20.80    55.45  112.87   46.94   31.33    174.5   \n",
       "2020-01-03  291.95   71.45    20.60    55.35  112.47   45.84   30.78    173.9   \n",
       "2020-01-06  289.65   72.15    20.34    55.25  113.07   45.00   30.78    173.1   \n",
       "2020-01-07  294.75   71.60    20.75    55.60  113.96   46.28   31.42    174.1   \n",
       "2020-01-08  302.85   71.70    20.73    56.00  115.45   46.50   31.89    173.5   \n",
       "...            ...     ...      ...      ...     ...     ...     ...      ...   \n",
       "2020-04-09  224.30   58.10    16.31    86.50   95.40   27.76   28.28    138.1   \n",
       "2020-04-14  224.90   59.30    16.63    81.90   94.05   27.81   28.80    135.0   \n",
       "2020-04-15  214.30   58.60    16.01    85.10   90.95   26.44   28.24    132.9   \n",
       "2020-04-16  211.70   58.80    15.90    79.70   91.45   26.71   28.42    131.0   \n",
       "2020-04-17  218.70   60.65    16.29    77.20   92.90   27.70   29.50    134.2   \n",
       "\n",
       "              AAPL    MSFT     IBM     PVH  \n",
       "Date                                        \n",
       "2020-01-02  299.64  160.18  134.02  105.23  \n",
       "2020-01-03  296.73  158.19  132.95  103.17  \n",
       "2020-01-06  299.09  158.60  132.71  105.52  \n",
       "2020-01-07  297.68  157.15  132.80  105.53  \n",
       "2020-01-08  302.47  159.65  133.91  106.11  \n",
       "...            ...     ...     ...     ...  \n",
       "2020-04-09  267.99  165.14  121.50   49.51  \n",
       "2020-04-14  287.05  173.70  123.91   47.96  \n",
       "2020-04-15  284.43  171.88  118.69   42.33  \n",
       "2020-04-16  286.69  177.04  115.73   40.04  \n",
       "2020-04-17  282.80  178.60  120.12   44.88  \n",
       "\n",
       "[73 rows x 20 columns]"
      ]
     },
     "execution_count": 3,
     "metadata": {},
     "output_type": "execute_result"
    }
   ],
   "source": [
    "merged_quotes.columns=entries\n",
    "merged_quotes"
   ]
  },
  {
   "cell_type": "code",
   "execution_count": 4,
   "metadata": {},
   "outputs": [
    {
     "data": {
      "text/html": [
       "<div>\n",
       "<style scoped>\n",
       "    .dataframe tbody tr th:only-of-type {\n",
       "        vertical-align: middle;\n",
       "    }\n",
       "\n",
       "    .dataframe tbody tr th {\n",
       "        vertical-align: top;\n",
       "    }\n",
       "\n",
       "    .dataframe thead th {\n",
       "        text-align: right;\n",
       "    }\n",
       "</style>\n",
       "<table border=\"1\" class=\"dataframe\">\n",
       "  <thead>\n",
       "    <tr style=\"text-align: right;\">\n",
       "      <th></th>\n",
       "      <th>^GDAXI</th>\n",
       "      <th>DTE.DE</th>\n",
       "      <th>SAP.DE</th>\n",
       "      <th>FME.DE</th>\n",
       "      <th>BEI.DE</th>\n",
       "      <th>DB1.DE</th>\n",
       "      <th>IFX.DE</th>\n",
       "      <th>WDI.DE</th>\n",
       "      <th>ADS.DE</th>\n",
       "      <th>FIE.DE</th>\n",
       "      <th>FNTN.DE</th>\n",
       "      <th>DRW3.DE</th>\n",
       "      <th>AFX.DE</th>\n",
       "      <th>DLG.DE</th>\n",
       "      <th>SOW.DE</th>\n",
       "      <th>HNR1.DE</th>\n",
       "      <th>AAPL</th>\n",
       "      <th>MSFT</th>\n",
       "      <th>IBM</th>\n",
       "      <th>PVH</th>\n",
       "    </tr>\n",
       "  </thead>\n",
       "  <tbody>\n",
       "    <tr>\n",
       "      <th>^GDAXI</th>\n",
       "      <td>1.000000</td>\n",
       "      <td>0.824761</td>\n",
       "      <td>0.893948</td>\n",
       "      <td>0.611524</td>\n",
       "      <td>0.676795</td>\n",
       "      <td>0.820453</td>\n",
       "      <td>0.853374</td>\n",
       "      <td>0.785628</td>\n",
       "      <td>0.767401</td>\n",
       "      <td>0.781633</td>\n",
       "      <td>0.806627</td>\n",
       "      <td>-0.027285</td>\n",
       "      <td>0.768988</td>\n",
       "      <td>0.748042</td>\n",
       "      <td>0.661550</td>\n",
       "      <td>0.906842</td>\n",
       "      <td>0.640325</td>\n",
       "      <td>0.616514</td>\n",
       "      <td>0.720402</td>\n",
       "      <td>0.742541</td>\n",
       "    </tr>\n",
       "    <tr>\n",
       "      <th>DTE.DE</th>\n",
       "      <td>0.824761</td>\n",
       "      <td>1.000000</td>\n",
       "      <td>0.652403</td>\n",
       "      <td>0.586206</td>\n",
       "      <td>0.520946</td>\n",
       "      <td>0.633853</td>\n",
       "      <td>0.645322</td>\n",
       "      <td>0.585620</td>\n",
       "      <td>0.682729</td>\n",
       "      <td>0.588811</td>\n",
       "      <td>0.760320</td>\n",
       "      <td>-0.091073</td>\n",
       "      <td>0.633585</td>\n",
       "      <td>0.562044</td>\n",
       "      <td>0.491738</td>\n",
       "      <td>0.727563</td>\n",
       "      <td>0.463676</td>\n",
       "      <td>0.484503</td>\n",
       "      <td>0.537518</td>\n",
       "      <td>0.561974</td>\n",
       "    </tr>\n",
       "    <tr>\n",
       "      <th>SAP.DE</th>\n",
       "      <td>0.893948</td>\n",
       "      <td>0.652403</td>\n",
       "      <td>1.000000</td>\n",
       "      <td>0.605496</td>\n",
       "      <td>0.636874</td>\n",
       "      <td>0.724219</td>\n",
       "      <td>0.763378</td>\n",
       "      <td>0.672316</td>\n",
       "      <td>0.656461</td>\n",
       "      <td>0.688839</td>\n",
       "      <td>0.675471</td>\n",
       "      <td>0.144789</td>\n",
       "      <td>0.752637</td>\n",
       "      <td>0.716933</td>\n",
       "      <td>0.690106</td>\n",
       "      <td>0.759342</td>\n",
       "      <td>0.612380</td>\n",
       "      <td>0.591518</td>\n",
       "      <td>0.708243</td>\n",
       "      <td>0.627777</td>\n",
       "    </tr>\n",
       "    <tr>\n",
       "      <th>FME.DE</th>\n",
       "      <td>0.611524</td>\n",
       "      <td>0.586206</td>\n",
       "      <td>0.605496</td>\n",
       "      <td>1.000000</td>\n",
       "      <td>0.493115</td>\n",
       "      <td>0.508562</td>\n",
       "      <td>0.490782</td>\n",
       "      <td>0.469537</td>\n",
       "      <td>0.403573</td>\n",
       "      <td>0.368793</td>\n",
       "      <td>0.581402</td>\n",
       "      <td>0.089852</td>\n",
       "      <td>0.462471</td>\n",
       "      <td>0.370000</td>\n",
       "      <td>0.488158</td>\n",
       "      <td>0.527339</td>\n",
       "      <td>0.499790</td>\n",
       "      <td>0.465031</td>\n",
       "      <td>0.535617</td>\n",
       "      <td>0.415368</td>\n",
       "    </tr>\n",
       "    <tr>\n",
       "      <th>BEI.DE</th>\n",
       "      <td>0.676795</td>\n",
       "      <td>0.520946</td>\n",
       "      <td>0.636874</td>\n",
       "      <td>0.493115</td>\n",
       "      <td>1.000000</td>\n",
       "      <td>0.551930</td>\n",
       "      <td>0.426988</td>\n",
       "      <td>0.576207</td>\n",
       "      <td>0.520587</td>\n",
       "      <td>0.353737</td>\n",
       "      <td>0.579201</td>\n",
       "      <td>0.063960</td>\n",
       "      <td>0.426051</td>\n",
       "      <td>0.294675</td>\n",
       "      <td>0.438790</td>\n",
       "      <td>0.746717</td>\n",
       "      <td>0.548699</td>\n",
       "      <td>0.499120</td>\n",
       "      <td>0.593696</td>\n",
       "      <td>0.430337</td>\n",
       "    </tr>\n",
       "    <tr>\n",
       "      <th>DB1.DE</th>\n",
       "      <td>0.820453</td>\n",
       "      <td>0.633853</td>\n",
       "      <td>0.724219</td>\n",
       "      <td>0.508562</td>\n",
       "      <td>0.551930</td>\n",
       "      <td>1.000000</td>\n",
       "      <td>0.732607</td>\n",
       "      <td>0.652940</td>\n",
       "      <td>0.573262</td>\n",
       "      <td>0.735048</td>\n",
       "      <td>0.622034</td>\n",
       "      <td>-0.052242</td>\n",
       "      <td>0.737201</td>\n",
       "      <td>0.618531</td>\n",
       "      <td>0.499455</td>\n",
       "      <td>0.709919</td>\n",
       "      <td>0.561327</td>\n",
       "      <td>0.563304</td>\n",
       "      <td>0.586342</td>\n",
       "      <td>0.588726</td>\n",
       "    </tr>\n",
       "    <tr>\n",
       "      <th>IFX.DE</th>\n",
       "      <td>0.853374</td>\n",
       "      <td>0.645322</td>\n",
       "      <td>0.763378</td>\n",
       "      <td>0.490782</td>\n",
       "      <td>0.426988</td>\n",
       "      <td>0.732607</td>\n",
       "      <td>1.000000</td>\n",
       "      <td>0.673505</td>\n",
       "      <td>0.666850</td>\n",
       "      <td>0.771696</td>\n",
       "      <td>0.675379</td>\n",
       "      <td>-0.081757</td>\n",
       "      <td>0.715268</td>\n",
       "      <td>0.754095</td>\n",
       "      <td>0.661557</td>\n",
       "      <td>0.706491</td>\n",
       "      <td>0.587071</td>\n",
       "      <td>0.557907</td>\n",
       "      <td>0.652858</td>\n",
       "      <td>0.712326</td>\n",
       "    </tr>\n",
       "    <tr>\n",
       "      <th>WDI.DE</th>\n",
       "      <td>0.785628</td>\n",
       "      <td>0.585620</td>\n",
       "      <td>0.672316</td>\n",
       "      <td>0.469537</td>\n",
       "      <td>0.576207</td>\n",
       "      <td>0.652940</td>\n",
       "      <td>0.673505</td>\n",
       "      <td>1.000000</td>\n",
       "      <td>0.701160</td>\n",
       "      <td>0.645640</td>\n",
       "      <td>0.531447</td>\n",
       "      <td>0.067093</td>\n",
       "      <td>0.572289</td>\n",
       "      <td>0.607906</td>\n",
       "      <td>0.565896</td>\n",
       "      <td>0.757000</td>\n",
       "      <td>0.516794</td>\n",
       "      <td>0.414076</td>\n",
       "      <td>0.493384</td>\n",
       "      <td>0.578013</td>\n",
       "    </tr>\n",
       "    <tr>\n",
       "      <th>ADS.DE</th>\n",
       "      <td>0.767401</td>\n",
       "      <td>0.682729</td>\n",
       "      <td>0.656461</td>\n",
       "      <td>0.403573</td>\n",
       "      <td>0.520587</td>\n",
       "      <td>0.573262</td>\n",
       "      <td>0.666850</td>\n",
       "      <td>0.701160</td>\n",
       "      <td>1.000000</td>\n",
       "      <td>0.622227</td>\n",
       "      <td>0.542813</td>\n",
       "      <td>0.051640</td>\n",
       "      <td>0.725625</td>\n",
       "      <td>0.569499</td>\n",
       "      <td>0.496372</td>\n",
       "      <td>0.737923</td>\n",
       "      <td>0.344960</td>\n",
       "      <td>0.304427</td>\n",
       "      <td>0.462986</td>\n",
       "      <td>0.607274</td>\n",
       "    </tr>\n",
       "    <tr>\n",
       "      <th>FIE.DE</th>\n",
       "      <td>0.781633</td>\n",
       "      <td>0.588811</td>\n",
       "      <td>0.688839</td>\n",
       "      <td>0.368793</td>\n",
       "      <td>0.353737</td>\n",
       "      <td>0.735048</td>\n",
       "      <td>0.771696</td>\n",
       "      <td>0.645640</td>\n",
       "      <td>0.622227</td>\n",
       "      <td>1.000000</td>\n",
       "      <td>0.518984</td>\n",
       "      <td>-0.091604</td>\n",
       "      <td>0.708586</td>\n",
       "      <td>0.776980</td>\n",
       "      <td>0.517059</td>\n",
       "      <td>0.636348</td>\n",
       "      <td>0.444594</td>\n",
       "      <td>0.430165</td>\n",
       "      <td>0.543597</td>\n",
       "      <td>0.578970</td>\n",
       "    </tr>\n",
       "    <tr>\n",
       "      <th>FNTN.DE</th>\n",
       "      <td>0.806627</td>\n",
       "      <td>0.760320</td>\n",
       "      <td>0.675471</td>\n",
       "      <td>0.581402</td>\n",
       "      <td>0.579201</td>\n",
       "      <td>0.622034</td>\n",
       "      <td>0.675379</td>\n",
       "      <td>0.531447</td>\n",
       "      <td>0.542813</td>\n",
       "      <td>0.518984</td>\n",
       "      <td>1.000000</td>\n",
       "      <td>-0.081019</td>\n",
       "      <td>0.554715</td>\n",
       "      <td>0.512929</td>\n",
       "      <td>0.494669</td>\n",
       "      <td>0.743803</td>\n",
       "      <td>0.559452</td>\n",
       "      <td>0.552393</td>\n",
       "      <td>0.638804</td>\n",
       "      <td>0.497761</td>\n",
       "    </tr>\n",
       "    <tr>\n",
       "      <th>DRW3.DE</th>\n",
       "      <td>-0.027285</td>\n",
       "      <td>-0.091073</td>\n",
       "      <td>0.144789</td>\n",
       "      <td>0.089852</td>\n",
       "      <td>0.063960</td>\n",
       "      <td>-0.052242</td>\n",
       "      <td>-0.081757</td>\n",
       "      <td>0.067093</td>\n",
       "      <td>0.051640</td>\n",
       "      <td>-0.091604</td>\n",
       "      <td>-0.081019</td>\n",
       "      <td>1.000000</td>\n",
       "      <td>0.105344</td>\n",
       "      <td>-0.030503</td>\n",
       "      <td>0.137107</td>\n",
       "      <td>-0.036371</td>\n",
       "      <td>0.065011</td>\n",
       "      <td>0.080840</td>\n",
       "      <td>0.117905</td>\n",
       "      <td>-0.060712</td>\n",
       "    </tr>\n",
       "    <tr>\n",
       "      <th>AFX.DE</th>\n",
       "      <td>0.768988</td>\n",
       "      <td>0.633585</td>\n",
       "      <td>0.752637</td>\n",
       "      <td>0.462471</td>\n",
       "      <td>0.426051</td>\n",
       "      <td>0.737201</td>\n",
       "      <td>0.715268</td>\n",
       "      <td>0.572289</td>\n",
       "      <td>0.725625</td>\n",
       "      <td>0.708586</td>\n",
       "      <td>0.554715</td>\n",
       "      <td>0.105344</td>\n",
       "      <td>1.000000</td>\n",
       "      <td>0.604840</td>\n",
       "      <td>0.536287</td>\n",
       "      <td>0.615643</td>\n",
       "      <td>0.528186</td>\n",
       "      <td>0.530089</td>\n",
       "      <td>0.550001</td>\n",
       "      <td>0.602552</td>\n",
       "    </tr>\n",
       "    <tr>\n",
       "      <th>DLG.DE</th>\n",
       "      <td>0.748042</td>\n",
       "      <td>0.562044</td>\n",
       "      <td>0.716933</td>\n",
       "      <td>0.370000</td>\n",
       "      <td>0.294675</td>\n",
       "      <td>0.618531</td>\n",
       "      <td>0.754095</td>\n",
       "      <td>0.607906</td>\n",
       "      <td>0.569499</td>\n",
       "      <td>0.776980</td>\n",
       "      <td>0.512929</td>\n",
       "      <td>-0.030503</td>\n",
       "      <td>0.604840</td>\n",
       "      <td>1.000000</td>\n",
       "      <td>0.501204</td>\n",
       "      <td>0.617705</td>\n",
       "      <td>0.420889</td>\n",
       "      <td>0.347400</td>\n",
       "      <td>0.462059</td>\n",
       "      <td>0.501683</td>\n",
       "    </tr>\n",
       "    <tr>\n",
       "      <th>SOW.DE</th>\n",
       "      <td>0.661550</td>\n",
       "      <td>0.491738</td>\n",
       "      <td>0.690106</td>\n",
       "      <td>0.488158</td>\n",
       "      <td>0.438790</td>\n",
       "      <td>0.499455</td>\n",
       "      <td>0.661557</td>\n",
       "      <td>0.565896</td>\n",
       "      <td>0.496372</td>\n",
       "      <td>0.517059</td>\n",
       "      <td>0.494669</td>\n",
       "      <td>0.137107</td>\n",
       "      <td>0.536287</td>\n",
       "      <td>0.501204</td>\n",
       "      <td>1.000000</td>\n",
       "      <td>0.559215</td>\n",
       "      <td>0.465793</td>\n",
       "      <td>0.478705</td>\n",
       "      <td>0.605168</td>\n",
       "      <td>0.472007</td>\n",
       "    </tr>\n",
       "    <tr>\n",
       "      <th>HNR1.DE</th>\n",
       "      <td>0.906842</td>\n",
       "      <td>0.727563</td>\n",
       "      <td>0.759342</td>\n",
       "      <td>0.527339</td>\n",
       "      <td>0.746717</td>\n",
       "      <td>0.709919</td>\n",
       "      <td>0.706491</td>\n",
       "      <td>0.757000</td>\n",
       "      <td>0.737923</td>\n",
       "      <td>0.636348</td>\n",
       "      <td>0.743803</td>\n",
       "      <td>-0.036371</td>\n",
       "      <td>0.615643</td>\n",
       "      <td>0.617705</td>\n",
       "      <td>0.559215</td>\n",
       "      <td>1.000000</td>\n",
       "      <td>0.536888</td>\n",
       "      <td>0.495240</td>\n",
       "      <td>0.665591</td>\n",
       "      <td>0.673368</td>\n",
       "    </tr>\n",
       "    <tr>\n",
       "      <th>AAPL</th>\n",
       "      <td>0.640325</td>\n",
       "      <td>0.463676</td>\n",
       "      <td>0.612380</td>\n",
       "      <td>0.499790</td>\n",
       "      <td>0.548699</td>\n",
       "      <td>0.561327</td>\n",
       "      <td>0.587071</td>\n",
       "      <td>0.516794</td>\n",
       "      <td>0.344960</td>\n",
       "      <td>0.444594</td>\n",
       "      <td>0.559452</td>\n",
       "      <td>0.065011</td>\n",
       "      <td>0.528186</td>\n",
       "      <td>0.420889</td>\n",
       "      <td>0.465793</td>\n",
       "      <td>0.536888</td>\n",
       "      <td>1.000000</td>\n",
       "      <td>0.934035</td>\n",
       "      <td>0.810168</td>\n",
       "      <td>0.677655</td>\n",
       "    </tr>\n",
       "    <tr>\n",
       "      <th>MSFT</th>\n",
       "      <td>0.616514</td>\n",
       "      <td>0.484503</td>\n",
       "      <td>0.591518</td>\n",
       "      <td>0.465031</td>\n",
       "      <td>0.499120</td>\n",
       "      <td>0.563304</td>\n",
       "      <td>0.557907</td>\n",
       "      <td>0.414076</td>\n",
       "      <td>0.304427</td>\n",
       "      <td>0.430165</td>\n",
       "      <td>0.552393</td>\n",
       "      <td>0.080840</td>\n",
       "      <td>0.530089</td>\n",
       "      <td>0.347400</td>\n",
       "      <td>0.478705</td>\n",
       "      <td>0.495240</td>\n",
       "      <td>0.934035</td>\n",
       "      <td>1.000000</td>\n",
       "      <td>0.806463</td>\n",
       "      <td>0.634402</td>\n",
       "    </tr>\n",
       "    <tr>\n",
       "      <th>IBM</th>\n",
       "      <td>0.720402</td>\n",
       "      <td>0.537518</td>\n",
       "      <td>0.708243</td>\n",
       "      <td>0.535617</td>\n",
       "      <td>0.593696</td>\n",
       "      <td>0.586342</td>\n",
       "      <td>0.652858</td>\n",
       "      <td>0.493384</td>\n",
       "      <td>0.462986</td>\n",
       "      <td>0.543597</td>\n",
       "      <td>0.638804</td>\n",
       "      <td>0.117905</td>\n",
       "      <td>0.550001</td>\n",
       "      <td>0.462059</td>\n",
       "      <td>0.605168</td>\n",
       "      <td>0.665591</td>\n",
       "      <td>0.810168</td>\n",
       "      <td>0.806463</td>\n",
       "      <td>1.000000</td>\n",
       "      <td>0.709939</td>\n",
       "    </tr>\n",
       "    <tr>\n",
       "      <th>PVH</th>\n",
       "      <td>0.742541</td>\n",
       "      <td>0.561974</td>\n",
       "      <td>0.627777</td>\n",
       "      <td>0.415368</td>\n",
       "      <td>0.430337</td>\n",
       "      <td>0.588726</td>\n",
       "      <td>0.712326</td>\n",
       "      <td>0.578013</td>\n",
       "      <td>0.607274</td>\n",
       "      <td>0.578970</td>\n",
       "      <td>0.497761</td>\n",
       "      <td>-0.060712</td>\n",
       "      <td>0.602552</td>\n",
       "      <td>0.501683</td>\n",
       "      <td>0.472007</td>\n",
       "      <td>0.673368</td>\n",
       "      <td>0.677655</td>\n",
       "      <td>0.634402</td>\n",
       "      <td>0.709939</td>\n",
       "      <td>1.000000</td>\n",
       "    </tr>\n",
       "  </tbody>\n",
       "</table>\n",
       "</div>"
      ],
      "text/plain": [
       "           ^GDAXI    DTE.DE    SAP.DE    FME.DE    BEI.DE    DB1.DE    IFX.DE  \\\n",
       "^GDAXI   1.000000  0.824761  0.893948  0.611524  0.676795  0.820453  0.853374   \n",
       "DTE.DE   0.824761  1.000000  0.652403  0.586206  0.520946  0.633853  0.645322   \n",
       "SAP.DE   0.893948  0.652403  1.000000  0.605496  0.636874  0.724219  0.763378   \n",
       "FME.DE   0.611524  0.586206  0.605496  1.000000  0.493115  0.508562  0.490782   \n",
       "BEI.DE   0.676795  0.520946  0.636874  0.493115  1.000000  0.551930  0.426988   \n",
       "DB1.DE   0.820453  0.633853  0.724219  0.508562  0.551930  1.000000  0.732607   \n",
       "IFX.DE   0.853374  0.645322  0.763378  0.490782  0.426988  0.732607  1.000000   \n",
       "WDI.DE   0.785628  0.585620  0.672316  0.469537  0.576207  0.652940  0.673505   \n",
       "ADS.DE   0.767401  0.682729  0.656461  0.403573  0.520587  0.573262  0.666850   \n",
       "FIE.DE   0.781633  0.588811  0.688839  0.368793  0.353737  0.735048  0.771696   \n",
       "FNTN.DE  0.806627  0.760320  0.675471  0.581402  0.579201  0.622034  0.675379   \n",
       "DRW3.DE -0.027285 -0.091073  0.144789  0.089852  0.063960 -0.052242 -0.081757   \n",
       "AFX.DE   0.768988  0.633585  0.752637  0.462471  0.426051  0.737201  0.715268   \n",
       "DLG.DE   0.748042  0.562044  0.716933  0.370000  0.294675  0.618531  0.754095   \n",
       "SOW.DE   0.661550  0.491738  0.690106  0.488158  0.438790  0.499455  0.661557   \n",
       "HNR1.DE  0.906842  0.727563  0.759342  0.527339  0.746717  0.709919  0.706491   \n",
       "AAPL     0.640325  0.463676  0.612380  0.499790  0.548699  0.561327  0.587071   \n",
       "MSFT     0.616514  0.484503  0.591518  0.465031  0.499120  0.563304  0.557907   \n",
       "IBM      0.720402  0.537518  0.708243  0.535617  0.593696  0.586342  0.652858   \n",
       "PVH      0.742541  0.561974  0.627777  0.415368  0.430337  0.588726  0.712326   \n",
       "\n",
       "           WDI.DE    ADS.DE    FIE.DE   FNTN.DE   DRW3.DE    AFX.DE    DLG.DE  \\\n",
       "^GDAXI   0.785628  0.767401  0.781633  0.806627 -0.027285  0.768988  0.748042   \n",
       "DTE.DE   0.585620  0.682729  0.588811  0.760320 -0.091073  0.633585  0.562044   \n",
       "SAP.DE   0.672316  0.656461  0.688839  0.675471  0.144789  0.752637  0.716933   \n",
       "FME.DE   0.469537  0.403573  0.368793  0.581402  0.089852  0.462471  0.370000   \n",
       "BEI.DE   0.576207  0.520587  0.353737  0.579201  0.063960  0.426051  0.294675   \n",
       "DB1.DE   0.652940  0.573262  0.735048  0.622034 -0.052242  0.737201  0.618531   \n",
       "IFX.DE   0.673505  0.666850  0.771696  0.675379 -0.081757  0.715268  0.754095   \n",
       "WDI.DE   1.000000  0.701160  0.645640  0.531447  0.067093  0.572289  0.607906   \n",
       "ADS.DE   0.701160  1.000000  0.622227  0.542813  0.051640  0.725625  0.569499   \n",
       "FIE.DE   0.645640  0.622227  1.000000  0.518984 -0.091604  0.708586  0.776980   \n",
       "FNTN.DE  0.531447  0.542813  0.518984  1.000000 -0.081019  0.554715  0.512929   \n",
       "DRW3.DE  0.067093  0.051640 -0.091604 -0.081019  1.000000  0.105344 -0.030503   \n",
       "AFX.DE   0.572289  0.725625  0.708586  0.554715  0.105344  1.000000  0.604840   \n",
       "DLG.DE   0.607906  0.569499  0.776980  0.512929 -0.030503  0.604840  1.000000   \n",
       "SOW.DE   0.565896  0.496372  0.517059  0.494669  0.137107  0.536287  0.501204   \n",
       "HNR1.DE  0.757000  0.737923  0.636348  0.743803 -0.036371  0.615643  0.617705   \n",
       "AAPL     0.516794  0.344960  0.444594  0.559452  0.065011  0.528186  0.420889   \n",
       "MSFT     0.414076  0.304427  0.430165  0.552393  0.080840  0.530089  0.347400   \n",
       "IBM      0.493384  0.462986  0.543597  0.638804  0.117905  0.550001  0.462059   \n",
       "PVH      0.578013  0.607274  0.578970  0.497761 -0.060712  0.602552  0.501683   \n",
       "\n",
       "           SOW.DE   HNR1.DE      AAPL      MSFT       IBM       PVH  \n",
       "^GDAXI   0.661550  0.906842  0.640325  0.616514  0.720402  0.742541  \n",
       "DTE.DE   0.491738  0.727563  0.463676  0.484503  0.537518  0.561974  \n",
       "SAP.DE   0.690106  0.759342  0.612380  0.591518  0.708243  0.627777  \n",
       "FME.DE   0.488158  0.527339  0.499790  0.465031  0.535617  0.415368  \n",
       "BEI.DE   0.438790  0.746717  0.548699  0.499120  0.593696  0.430337  \n",
       "DB1.DE   0.499455  0.709919  0.561327  0.563304  0.586342  0.588726  \n",
       "IFX.DE   0.661557  0.706491  0.587071  0.557907  0.652858  0.712326  \n",
       "WDI.DE   0.565896  0.757000  0.516794  0.414076  0.493384  0.578013  \n",
       "ADS.DE   0.496372  0.737923  0.344960  0.304427  0.462986  0.607274  \n",
       "FIE.DE   0.517059  0.636348  0.444594  0.430165  0.543597  0.578970  \n",
       "FNTN.DE  0.494669  0.743803  0.559452  0.552393  0.638804  0.497761  \n",
       "DRW3.DE  0.137107 -0.036371  0.065011  0.080840  0.117905 -0.060712  \n",
       "AFX.DE   0.536287  0.615643  0.528186  0.530089  0.550001  0.602552  \n",
       "DLG.DE   0.501204  0.617705  0.420889  0.347400  0.462059  0.501683  \n",
       "SOW.DE   1.000000  0.559215  0.465793  0.478705  0.605168  0.472007  \n",
       "HNR1.DE  0.559215  1.000000  0.536888  0.495240  0.665591  0.673368  \n",
       "AAPL     0.465793  0.536888  1.000000  0.934035  0.810168  0.677655  \n",
       "MSFT     0.478705  0.495240  0.934035  1.000000  0.806463  0.634402  \n",
       "IBM      0.605168  0.665591  0.810168  0.806463  1.000000  0.709939  \n",
       "PVH      0.472007  0.673368  0.677655  0.634402  0.709939  1.000000  "
      ]
     },
     "execution_count": 4,
     "metadata": {},
     "output_type": "execute_result"
    }
   ],
   "source": [
    "correlation_matrix = merged_quotes.pct_change().corr()\n",
    "correlation_matrix"
   ]
  },
  {
   "cell_type": "code",
   "execution_count": 5,
   "metadata": {},
   "outputs": [
    {
     "data": {
      "text/plain": [
       "<matplotlib.axes._subplots.AxesSubplot at 0x7fdcf8da80b8>"
      ]
     },
     "execution_count": 5,
     "metadata": {},
     "output_type": "execute_result"
    },
    {
     "data": {
