{
 "cells": [
  {
   "cell_type": "code",
   "execution_count": 59,
   "metadata": {},
   "outputs": [],
   "source": [
    "import yfinance as yf\n",
    "import pandas as pd\n",
    "import matplotlib.pyplot as plt\n",
    "import seaborn as sns"
   ]
  },
  {
   "cell_type": "code",
   "execution_count": 60,
   "metadata": {},
   "outputs": [],
   "source": [
    "entries = ['^GDAXI','DTE.DE','SAP.DE','FME.DE','BEI.DE','DB1.DE','IFX.DE','WDI.DE','ADS.DE',\n",
    "           'FIE.DE','FNTN.DE','DRW3.DE','AFX.DE','DLG.DE','SOW.DE','HNR1.DE',\n",
    "           'AAPL','MSFT','IBM','PVH']\n",
    "merged_quotes = pd.DataFrame()\n",
    "\n",
    "for symbol in entries:\n",
    "    ticks = yf.Ticker(symbol)\n",
    "    h = ticks.history(start='2018-01-01', end='2018-12-31')\n",
    "    history = h['Close']\n",
    "    if merged_quotes.size == 0:\n",
    "        merged_quotes = history.to_frame()\n",
    "    else:\n",
    "        merged_quotes = pd.merge(merged_quotes, history.to_frame(), on='Date')"
   ]
  },
  {
   "cell_type": "code",
   "execution_count": 61,
   "metadata": {},
   "outputs": [
    {
     "data": {
      "text/html": [
       "<div>\n",
       "<style scoped>\n",
       "    .dataframe tbody tr th:only-of-type {\n",
       "        vertical-align: middle;\n",
       "    }\n",
       "\n",
       "    .dataframe tbody tr th {\n",
       "        vertical-align: top;\n",
       "    }\n",
       "\n",
       "    .dataframe thead th {\n",
       "        text-align: right;\n",
       "    }\n",
       "</style>\n",
       "<table border=\"1\" class=\"dataframe\">\n",
       "  <thead>\n",
       "    <tr style=\"text-align: right;\">\n",
       "      <th></th>\n",
       "      <th>^GDAXI</th>\n",
       "      <th>DTE.DE</th>\n",
       "      <th>SAP.DE</th>\n",
       "      <th>FME.DE</th>\n",
       "      <th>BEI.DE</th>\n",
       "      <th>DB1.DE</th>\n",
       "      <th>IFX.DE</th>\n",
       "      <th>WDI.DE</th>\n",
       "      <th>ADS.DE</th>\n",
       "      <th>FIE.DE</th>\n",
       "      <th>FNTN.DE</th>\n",
       "      <th>DRW3.DE</th>\n",
       "      <th>AFX.DE</th>\n",
       "      <th>DLG.DE</th>\n",
       "      <th>SOW.DE</th>\n",
       "      <th>HNR1.DE</th>\n",
       "      <th>AAPL</th>\n",
       "      <th>MSFT</th>\n",
       "      <th>IBM</th>\n",
       "      <th>PVH</th>\n",
       "    </tr>\n",
       "    <tr>\n",
       "      <th>Date</th>\n",
       "      <th></th>\n",
       "      <th></th>\n",
       "      <th></th>\n",
       "      <th></th>\n",
       "      <th></th>\n",
       "      <th></th>\n",
       "      <th></th>\n",
       "      <th></th>\n",
       "      <th></th>\n",
       "      <th></th>\n",
       "      <th></th>\n",
       "      <th></th>\n",
       "      <th></th>\n",
       "      <th></th>\n",
       "      <th></th>\n",
       "      <th></th>\n",
       "      <th></th>\n",
       "      <th></th>\n",
       "      <th></th>\n",
       "      <th></th>\n",
       "    </tr>\n",
       "  </thead>\n",
       "  <tbody>\n",
       "    <tr>\n",
       "      <th>2018-01-02</th>\n",
       "      <td>12871.39</td>\n",
       "      <td>12.83</td>\n",
       "      <td>90.25</td>\n",
       "      <td>83.09</td>\n",
       "      <td>94.75</td>\n",
       "      <td>91.72</td>\n",
       "      <td>22.24</td>\n",
       "      <td>93.05</td>\n",
       "      <td>160.44</td>\n",
       "      <td>69.38</td>\n",
       "      <td>26.82</td>\n",
       "      <td>71.20</td>\n",
       "      <td>50.09</td>\n",
       "      <td>26.51</td>\n",
       "      <td>44.15</td>\n",
       "      <td>99.45</td>\n",
       "      <td>166.80</td>\n",
       "      <td>83.03</td>\n",
       "      <td>139.37</td>\n",
       "      <td>138.44</td>\n",
       "    </tr>\n",
       "    <tr>\n",
       "      <th>2018-01-03</th>\n",
       "      <td>12978.21</td>\n",
       "      <td>12.80</td>\n",
       "      <td>91.48</td>\n",
       "      <td>83.68</td>\n",
       "      <td>95.22</td>\n",
       "      <td>92.52</td>\n",
       "      <td>22.96</td>\n",
       "      <td>95.48</td>\n",
       "      <td>161.30</td>\n",
       "      <td>69.66</td>\n",
       "      <td>26.91</td>\n",
       "      <td>71.94</td>\n",
       "      <td>50.77</td>\n",
       "      <td>26.15</td>\n",
       "      <td>44.96</td>\n",
       "      <td>98.79</td>\n",
       "      <td>166.77</td>\n",
       "      <td>83.42</td>\n",
       "      <td>143.20</td>\n",
       "      <td>138.68</td>\n",
       "    </tr>\n",
       "    <tr>\n",
       "      <th>2018-01-04</th>\n",
       "      <td>13167.89</td>\n",
       "      <td>12.87</td>\n",
       "      <td>92.47</td>\n",
       "      <td>84.79</td>\n",
       "      <td>96.58</td>\n",
       "      <td>94.07</td>\n",
       "      <td>23.23</td>\n",
       "      <td>96.90</td>\n",
       "      <td>163.41</td>\n",
       "      <td>69.47</td>\n",
       "      <td>27.05</td>\n",
       "      <td>74.17</td>\n",
       "      <td>51.21</td>\n",
       "      <td>26.53</td>\n",
       "      <td>45.09</td>\n",
       "      <td>100.68</td>\n",
       "      <td>167.55</td>\n",
       "      <td>84.15</td>\n",
       "      <td>146.10</td>\n",
       "      <td>140.88</td>\n",
       "    </tr>\n",
       "    <tr>\n",
       "      <th>2018-01-05</th>\n",
       "      <td>13319.64</td>\n",
       "      <td>12.94</td>\n",
       "      <td>93.79</td>\n",
       "      <td>86.49</td>\n",
       "      <td>97.78</td>\n",
       "      <td>94.21</td>\n",
       "      <td>23.46</td>\n",
       "      <td>99.23</td>\n",
       "      <td>165.14</td>\n",
       "      <td>70.04</td>\n",
       "      <td>27.55</td>\n",
       "      <td>76.05</td>\n",
       "      <td>51.75</td>\n",
       "      <td>26.22</td>\n",
       "      <td>45.25</td>\n",
       "      <td>100.77</td>\n",
       "      <td>169.46</td>\n",
       "      <td>85.19</td>\n",
       "      <td>146.81</td>\n",
       "      <td>142.55</td>\n",
       "    </tr>\n",
       "    <tr>\n",
       "      <th>2018-01-08</th>\n",
       "      <td>13367.78</td>\n",
       "      <td>13.01</td>\n",
       "      <td>93.62</td>\n",
       "      <td>87.01</td>\n",
       "      <td>98.79</td>\n",
       "      <td>95.39</td>\n",
       "      <td>23.78</td>\n",
       "      <td>105.68</td>\n",
       "      <td>165.81</td>\n",
       "      <td>69.80</td>\n",
       "      <td>27.55</td>\n",
       "      <td>77.78</td>\n",
       "      <td>52.24</td>\n",
       "      <td>26.01</td>\n",
       "      <td>45.12</td>\n",
       "      <td>100.68</td>\n",
       "      <td>168.83</td>\n",
       "      <td>85.28</td>\n",
       "      <td>147.70</td>\n",
       "      <td>142.20</td>\n",
       "    </tr>\n",
       "    <tr>\n",
       "      <th>...</th>\n",
       "      <td>...</td>\n",
       "      <td>...</td>\n",
       "      <td>...</td>\n",
       "      <td>...</td>\n",
       "      <td>...</td>\n",
       "      <td>...</td>\n",
       "      <td>...</td>\n",
       "      <td>...</td>\n",
       "      <td>...</td>\n",
       "      <td>...</td>\n",
       "      <td>...</td>\n",
       "      <td>...</td>\n",
       "      <td>...</td>\n",
       "      <td>...</td>\n",
       "      <td>...</td>\n",
       "      <td>...</td>\n",
       "      <td>...</td>\n",
       "      <td>...</td>\n",
       "      <td>...</td>\n",
       "      <td>...</td>\n",
       "    </tr>\n",
       "    <tr>\n",
       "      <th>2018-12-19</th>\n",
       "      <td>10766.21</td>\n",
       "      <td>13.95</td>\n",
       "      <td>88.04</td>\n",
       "      <td>57.07</td>\n",
       "      <td>92.36</td>\n",
       "      <td>102.50</td>\n",
       "      <td>17.04</td>\n",
       "      <td>135.77</td>\n",
       "      <td>184.54</td>\n",
       "      <td>53.26</td>\n",
       "      <td>15.31</td>\n",
       "      <td>46.81</td>\n",
       "      <td>69.83</td>\n",
       "      <td>22.94</td>\n",
       "      <td>30.10</td>\n",
       "      <td>114.53</td>\n",
       "      <td>158.13</td>\n",
       "      <td>101.90</td>\n",
       "      <td>109.95</td>\n",
       "      <td>91.22</td>\n",
       "    </tr>\n",
       "    <tr>\n",
       "      <th>2018-12-20</th>\n",
       "      <td>10611.10</td>\n",
       "      <td>13.72</td>\n",
       "      <td>86.60</td>\n",
       "      <td>56.32</td>\n",
       "      <td>92.06</td>\n",
       "      <td>102.55</td>\n",
       "      <td>16.45</td>\n",
       "      <td>128.58</td>\n",
       "      <td>181.29</td>\n",
       "      <td>52.68</td>\n",
       "      <td>15.12</td>\n",
       "      <td>46.41</td>\n",
       "      <td>68.30</td>\n",
       "      <td>22.58</td>\n",
       "      <td>29.45</td>\n",
       "      <td>113.56</td>\n",
       "      <td>154.14</td>\n",
       "      <td>99.76</td>\n",
       "      <td>106.73</td>\n",
       "      <td>90.09</td>\n",
       "    </tr>\n",
       "    <tr>\n",
       "      <th>2018-12-21</th>\n",
       "      <td>10633.82</td>\n",
       "      <td>13.62</td>\n",
       "      <td>85.27</td>\n",
       "      <td>55.31</td>\n",
       "      <td>92.04</td>\n",
       "      <td>103.63</td>\n",
       "      <td>16.59</td>\n",
       "      <td>128.73</td>\n",
       "      <td>182.27</td>\n",
       "      <td>52.49</td>\n",
       "      <td>15.18</td>\n",
       "      <td>45.94</td>\n",
       "      <td>67.91</td>\n",
       "      <td>21.67</td>\n",
       "      <td>29.43</td>\n",
       "      <td>113.27</td>\n",
       "      <td>148.15</td>\n",
       "      <td>96.54</td>\n",
       "      <td>104.77</td>\n",
       "      <td>88.48</td>\n",
       "    </tr>\n",
       "    <tr>\n",
       "      <th>2018-12-27</th>\n",
       "      <td>10381.51</td>\n",
       "      <td>13.23</td>\n",
       "      <td>84.65</td>\n",
       "      <td>55.19</td>\n",
       "      <td>89.88</td>\n",
       "      <td>100.74</td>\n",
       "      <td>16.36</td>\n",
       "      <td>127.14</td>\n",
       "      <td>177.69</td>\n",
       "      <td>51.90</td>\n",
       "      <td>15.29</td>\n",
       "      <td>46.29</td>\n",
       "      <td>67.22</td>\n",
       "      <td>21.70</td>\n",
       "      <td>29.50</td>\n",
       "      <td>111.32</td>\n",
       "      <td>153.47</td>\n",
       "      <td>99.43</td>\n",
       "      <td>107.45</td>\n",
       "      <td>91.61</td>\n",
       "    </tr>\n",
       "    <tr>\n",
       "      <th>2018-12-28</th>\n",
       "      <td>10558.96</td>\n",
       "      <td>13.44</td>\n",
       "      <td>85.78</td>\n",
       "      <td>54.79</td>\n",
       "      <td>90.47</td>\n",
       "      <td>102.60</td>\n",
       "      <td>16.91</td>\n",
       "      <td>132.63</td>\n",
       "      <td>179.95</td>\n",
       "      <td>52.44</td>\n",
       "      <td>15.60</td>\n",
       "      <td>46.41</td>\n",
       "      <td>67.27</td>\n",
       "      <td>22.54</td>\n",
       "      <td>30.15</td>\n",
       "      <td>114.43</td>\n",
       "      <td>153.55</td>\n",
       "      <td>98.66</td>\n",
       "      <td>106.74</td>\n",
       "      <td>92.09</td>\n",
       "    </tr>\n",
       "  </tbody>\n",
       "</table>\n",
       "<p>244 rows × 20 columns</p>\n",
       "</div>"
      ],
      "text/plain": [
       "              ^GDAXI  DTE.DE  SAP.DE  FME.DE  BEI.DE  DB1.DE  IFX.DE  WDI.DE  \\\n",
       "Date                                                                           \n",
       "2018-01-02  12871.39   12.83   90.25   83.09   94.75   91.72   22.24   93.05   \n",
       "2018-01-03  12978.21   12.80   91.48   83.68   95.22   92.52   22.96   95.48   \n",
       "2018-01-04  13167.89   12.87   92.47   84.79   96.58   94.07   23.23   96.90   \n",
       "2018-01-05  13319.64   12.94   93.79   86.49   97.78   94.21   23.46   99.23   \n",
       "2018-01-08  13367.78   13.01   93.62   87.01   98.79   95.39   23.78  105.68   \n",
       "...              ...     ...     ...     ...     ...     ...     ...     ...   \n",
       "2018-12-19  10766.21   13.95   88.04   57.07   92.36  102.50   17.04  135.77   \n",
       "2018-12-20  10611.10   13.72   86.60   56.32   92.06  102.55   16.45  128.58   \n",
       "2018-12-21  10633.82   13.62   85.27   55.31   92.04  103.63   16.59  128.73   \n",
       "2018-12-27  10381.51   13.23   84.65   55.19   89.88  100.74   16.36  127.14   \n",
       "2018-12-28  10558.96   13.44   85.78   54.79   90.47  102.60   16.91  132.63   \n",
       "\n",
       "            ADS.DE  FIE.DE  FNTN.DE  DRW3.DE  AFX.DE  DLG.DE  SOW.DE  HNR1.DE  \\\n",
       "Date                                                                            \n",
       "2018-01-02  160.44   69.38    26.82    71.20   50.09   26.51   44.15    99.45   \n",
       "2018-01-03  161.30   69.66    26.91    71.94   50.77   26.15   44.96    98.79   \n",
       "2018-01-04  163.41   69.47    27.05    74.17   51.21   26.53   45.09   100.68   \n",
       "2018-01-05  165.14   70.04    27.55    76.05   51.75   26.22   45.25   100.77   \n",
       "2018-01-08  165.81   69.80    27.55    77.78   52.24   26.01   45.12   100.68   \n",
       "...            ...     ...      ...      ...     ...     ...     ...      ...   \n",
       "2018-12-19  184.54   53.26    15.31    46.81   69.83   22.94   30.10   114.53   \n",
       "2018-12-20  181.29   52.68    15.12    46.41   68.30   22.58   29.45   113.56   \n",
       "2018-12-21  182.27   52.49    15.18    45.94   67.91   21.67   29.43   113.27   \n",
       "2018-12-27  177.69   51.90    15.29    46.29   67.22   21.70   29.50   111.32   \n",
       "2018-12-28  179.95   52.44    15.60    46.41   67.27   22.54   30.15   114.43   \n",
       "\n",
       "              AAPL    MSFT     IBM     PVH  \n",
       "Date                                        \n",
       "2018-01-02  166.80   83.03  139.37  138.44  \n",
       "2018-01-03  166.77   83.42  143.20  138.68  \n",
       "2018-01-04  167.55   84.15  146.10  140.88  \n",
       "2018-01-05  169.46   85.19  146.81  142.55  \n",
       "2018-01-08  168.83   85.28  147.70  142.20  \n",
       "...            ...     ...     ...     ...  \n",
       "2018-12-19  158.13  101.90  109.95   91.22  \n",
       "2018-12-20  154.14   99.76  106.73   90.09  \n",
       "2018-12-21  148.15   96.54  104.77   88.48  \n",
       "2018-12-27  153.47   99.43  107.45   91.61  \n",
       "2018-12-28  153.55   98.66  106.74   92.09  \n",
       "\n",
       "[244 rows x 20 columns]"
      ]
     },
     "execution_count": 61,
     "metadata": {},
     "output_type": "execute_result"
    }
   ],
   "source": [
    "merged_quotes.columns=entries\n",
    "merged_quotes"
   ]
  },
  {
   "cell_type": "code",
   "execution_count": 62,
   "metadata": {},
   "outputs": [],
   "source": [
    "pct_changes = pd.DataFrame()\n",
    "for e in entries:\n",
    "    pct_changes[e] = merged_quotes[e].pct_change().copy()"
   ]
  },
  {
   "cell_type": "code",
   "execution_count": 63,
   "metadata": {},
   "outputs": [
    {
     "data": {
      "text/html": [
       "<div>\n",
       "<style scoped>\n",
       "    .dataframe tbody tr th:only-of-type {\n",
       "        vertical-align: middle;\n",
       "    }\n",
       "\n",
       "    .dataframe tbody tr th {\n",
       "        vertical-align: top;\n",
       "    }\n",
       "\n",
       "    .dataframe thead th {\n",
       "        text-align: right;\n",
       "    }\n",
       "</style>\n",
       "<table border=\"1\" class=\"dataframe\">\n",
       "  <thead>\n",
       "    <tr style=\"text-align: right;\">\n",
       "      <th></th>\n",
       "      <th>^GDAXI</th>\n",
       "      <th>DTE.DE</th>\n",
       "      <th>SAP.DE</th>\n",
       "      <th>FME.DE</th>\n",
       "      <th>BEI.DE</th>\n",
       "      <th>DB1.DE</th>\n",
       "      <th>IFX.DE</th>\n",
       "      <th>WDI.DE</th>\n",
       "      <th>ADS.DE</th>\n",
       "      <th>FIE.DE</th>\n",
       "      <th>FNTN.DE</th>\n",
       "      <th>DRW3.DE</th>\n",
       "      <th>AFX.DE</th>\n",
       "      <th>DLG.DE</th>\n",
       "      <th>SOW.DE</th>\n",
       "      <th>HNR1.DE</th>\n",
       "      <th>AAPL</th>\n",
       "      <th>MSFT</th>\n",
       "      <th>IBM</th>\n",
       "      <th>PVH</th>\n",
       "    </tr>\n",
       "  </thead>\n",
       "  <tbody>\n",
       "    <tr>\n",
       "      <th>^GDAXI</th>\n",
       "      <td>1.000000</td>\n",
       "      <td>0.613351</td>\n",
       "      <td>0.745182</td>\n",
       "      <td>0.486171</td>\n",
       "      <td>0.465801</td>\n",
       "      <td>0.496410</td>\n",
       "      <td>0.719384</td>\n",
       "      <td>0.579810</td>\n",
       "      <td>0.556142</td>\n",
       "      <td>0.419163</td>\n",
       "      <td>0.492756</td>\n",
       "      <td>0.342825</td>\n",
       "      <td>0.375998</td>\n",
       "      <td>0.298283</td>\n",
       "      <td>0.534715</td>\n",
       "      <td>0.670199</td>\n",
       "      <td>0.231392</td>\n",
       "      <td>0.258076</td>\n",
       "      <td>0.229422</td>\n",
       "      <td>0.283691</td>\n",
       "    </tr>\n",
       "    <tr>\n",
       "      <th>DTE.DE</th>\n",
       "      <td>0.613351</td>\n",
       "      <td>1.000000</td>\n",
       "      <td>0.401727</td>\n",
       "      <td>0.222460</td>\n",
       "      <td>0.404836</td>\n",
       "      <td>0.304562</td>\n",
       "      <td>0.350156</td>\n",
       "      <td>0.245438</td>\n",
       "      <td>0.325793</td>\n",
       "      <td>0.246833</td>\n",
       "      <td>0.492506</td>\n",
       "      <td>0.190723</td>\n",
       "      <td>0.164419</td>\n",
       "      <td>0.119150</td>\n",
       "      <td>0.274173</td>\n",
       "      <td>0.456712</td>\n",
       "      <td>-0.032124</td>\n",
       "      <td>0.011860</td>\n",
       "      <td>0.082028</td>\n",
       "      <td>0.021676</td>\n",
       "    </tr>\n",
       "    <tr>\n",
       "      <th>SAP.DE</th>\n",
       "      <td>0.745182</td>\n",
       "      <td>0.401727</td>\n",
       "      <td>1.000000</td>\n",
       "      <td>0.413244</td>\n",
       "      <td>0.423792</td>\n",
       "      <td>0.429580</td>\n",
       "      <td>0.610232</td>\n",
       "      <td>0.632986</td>\n",
       "      <td>0.436144</td>\n",
       "      <td>0.328306</td>\n",
       "      <td>0.262073</td>\n",
       "      <td>0.297203</td>\n",
       "      <td>0.377657</td>\n",
       "      <td>0.223428</td>\n",
       "      <td>0.523745</td>\n",
       "      <td>0.428681</td>\n",
       "      <td>0.282770</td>\n",
       "      <td>0.320601</td>\n",
       "      <td>0.212589</td>\n",
       "      <td>0.213570</td>\n",
       "    </tr>\n",
       "    <tr>\n",
       "      <th>FME.DE</th>\n",
       "      <td>0.486171</td>\n",
       "      <td>0.222460</td>\n",
       "      <td>0.413244</td>\n",
       "      <td>1.000000</td>\n",
       "      <td>0.191228</td>\n",
       "      <td>0.369388</td>\n",
       "      <td>0.305413</td>\n",
       "      <td>0.269086</td>\n",
       "      <td>0.206978</td>\n",
       "      <td>0.211184</td>\n",
       "      <td>0.213068</td>\n",
       "      <td>0.095037</td>\n",
       "      <td>0.204146</td>\n",
       "      <td>0.103012</td>\n",
       "      <td>0.311668</td>\n",
       "      <td>0.249495</td>\n",
       "      <td>0.267018</td>\n",
       "      <td>0.220716</td>\n",
       "      <td>0.360622</td>\n",
       "      <td>0.199888</td>\n",
       "    </tr>\n",
       "    <tr>\n",
       "      <th>BEI.DE</th>\n",
       "      <td>0.465801</td>\n",
       "      <td>0.404836</td>\n",
       "      <td>0.423792</td>\n",
       "      <td>0.191228</td>\n",
       "      <td>1.000000</td>\n",
       "      <td>0.298629</td>\n",
       "      <td>0.291088</td>\n",
       "      <td>0.314712</td>\n",
       "      <td>0.334297</td>\n",
       "      <td>0.260372</td>\n",
       "      <td>0.291202</td>\n",
       "      <td>0.149968</td>\n",
       "      <td>0.275929</td>\n",
       "      <td>0.042183</td>\n",
       "      <td>0.393143</td>\n",
       "      <td>0.363510</td>\n",
       "      <td>0.057321</td>\n",
       "      <td>0.148288</td>\n",
       "      <td>0.150762</td>\n",
       "      <td>0.119211</td>\n",
       "    </tr>\n",
       "    <tr>\n",
       "      <th>DB1.DE</th>\n",
       "      <td>0.496410</td>\n",
       "      <td>0.304562</td>\n",
       "      <td>0.429580</td>\n",
       "      <td>0.369388</td>\n",
       "      <td>0.298629</td>\n",
       "      <td>1.000000</td>\n",
       "      <td>0.315919</td>\n",
       "      <td>0.388089</td>\n",
       "      <td>0.324507</td>\n",
       "      <td>0.172512</td>\n",
       "      <td>0.196697</td>\n",
       "      <td>0.175507</td>\n",
       "      <td>0.344101</td>\n",
       "      <td>0.086551</td>\n",
       "      <td>0.374878</td>\n",
       "      <td>0.396735</td>\n",
       "      <td>0.095042</td>\n",
       "      <td>0.011806</td>\n",
       "      <td>0.002002</td>\n",
       "      <td>0.059785</td>\n",
       "    </tr>\n",
       "    <tr>\n",
       "      <th>IFX.DE</th>\n",
       "      <td>0.719384</td>\n",
       "      <td>0.350156</td>\n",
       "      <td>0.610232</td>\n",
       "      <td>0.305413</td>\n",
       "      <td>0.291088</td>\n",
       "      <td>0.315919</td>\n",
       "      <td>1.000000</td>\n",
       "      <td>0.504860</td>\n",
       "      <td>0.384815</td>\n",
       "      <td>0.360643</td>\n",
       "      <td>0.344268</td>\n",
       "      <td>0.324783</td>\n",
       "      <td>0.300435</td>\n",
       "      <td>0.396653</td>\n",
       "      <td>0.428569</td>\n",
       "      <td>0.414411</td>\n",
       "      <td>0.267815</td>\n",
       "      <td>0.218810</td>\n",
       "      <td>0.193078</td>\n",
       "      <td>0.250371</td>\n",
       "    </tr>\n",
       "    <tr>\n",
       "      <th>WDI.DE</th>\n",
       "      <td>0.579810</td>\n",
       "      <td>0.245438</td>\n",
       "      <td>0.632986</td>\n",
       "      <td>0.269086</td>\n",
       "      <td>0.314712</td>\n",
       "      <td>0.388089</td>\n",
       "      <td>0.504860</td>\n",
       "      <td>1.000000</td>\n",
       "      <td>0.351152</td>\n",
       "      <td>0.314709</td>\n",
       "      <td>0.246952</td>\n",
       "      <td>0.263770</td>\n",
       "      <td>0.455781</td>\n",
       "      <td>0.274722</td>\n",
       "      <td>0.498730</td>\n",
       "      <td>0.384922</td>\n",
       "      <td>0.342554</td>\n",
       "      <td>0.304855</td>\n",
       "      <td>0.118858</td>\n",
       "      <td>0.202156</td>\n",
       "    </tr>\n",
       "    <tr>\n",
       "      <th>ADS.DE</th>\n",
       "      <td>0.556142</td>\n",
       "      <td>0.325793</td>\n",
       "      <td>0.436144</td>\n",
       "      <td>0.206978</td>\n",
       "      <td>0.334297</td>\n",
       "      <td>0.324507</td>\n",
       "      <td>0.384815</td>\n",
       "      <td>0.351152</td>\n",
       "      <td>1.000000</td>\n",
       "      <td>0.302656</td>\n",
       "      <td>0.278471</td>\n",
       "      <td>0.196362</td>\n",
       "      <td>0.255381</td>\n",
       "      <td>0.178829</td>\n",
       "      <td>0.289962</td>\n",
       "      <td>0.335031</td>\n",
       "      <td>0.062106</td>\n",
       "      <td>0.132299</td>\n",
       "      <td>0.049694</td>\n",
       "      <td>0.198112</td>\n",
       "    </tr>\n",
       "    <tr>\n",
       "      <th>FIE.DE</th>\n",
       "      <td>0.419163</td>\n",
       "      <td>0.246833</td>\n",
       "      <td>0.328306</td>\n",
       "      <td>0.211184</td>\n",
       "      <td>0.260372</td>\n",
       "      <td>0.172512</td>\n",
       "      <td>0.360643</td>\n",
       "      <td>0.314709</td>\n",
       "      <td>0.302656</td>\n",
       "      <td>1.000000</td>\n",
       "      <td>0.296524</td>\n",
       "      <td>0.145062</td>\n",
       "      <td>0.283655</td>\n",
       "      <td>0.203137</td>\n",
       "      <td>0.312227</td>\n",
       "      <td>0.231701</td>\n",
       "      <td>0.118147</td>\n",
       "      <td>0.120938</td>\n",
       "      <td>0.062879</td>\n",
       "      <td>0.231747</td>\n",
       "    </tr>\n",
       "    <tr>\n",
       "      <th>FNTN.DE</th>\n",
       "      <td>0.492756</td>\n",
       "      <td>0.492506</td>\n",
       "      <td>0.262073</td>\n",
       "      <td>0.213068</td>\n",
       "      <td>0.291202</td>\n",
       "      <td>0.196697</td>\n",
       "      <td>0.344268</td>\n",
       "      <td>0.246952</td>\n",
       "      <td>0.278471</td>\n",
       "      <td>0.296524</td>\n",
       "      <td>1.000000</td>\n",
       "      <td>0.201228</td>\n",
       "      <td>0.280009</td>\n",
       "      <td>0.269229</td>\n",
       "      <td>0.267738</td>\n",
       "      <td>0.299889</td>\n",
       "      <td>0.029929</td>\n",
       "      <td>0.103142</td>\n",
       "      <td>0.069100</td>\n",
       "      <td>0.178467</td>\n",
       "    </tr>\n",
       "    <tr>\n",
       "      <th>DRW3.DE</th>\n",
       "      <td>0.342825</td>\n",
       "      <td>0.190723</td>\n",
       "      <td>0.297203</td>\n",
       "      <td>0.095037</td>\n",
       "      <td>0.149968</td>\n",
       "      <td>0.175507</td>\n",
       "      <td>0.324783</td>\n",
       "      <td>0.263770</td>\n",
       "      <td>0.196362</td>\n",
       "      <td>0.145062</td>\n",
       "      <td>0.201228</td>\n",
       "      <td>1.000000</td>\n",
       "      <td>0.257689</td>\n",
       "      <td>0.147012</td>\n",
       "      <td>0.185919</td>\n",
       "      <td>0.234824</td>\n",
       "      <td>-0.010323</td>\n",
       "      <td>0.022337</td>\n",
       "      <td>0.077847</td>\n",
       "      <td>0.090193</td>\n",
       "    </tr>\n",
       "    <tr>\n",
       "      <th>AFX.DE</th>\n",
       "      <td>0.375998</td>\n",
       "      <td>0.164419</td>\n",
       "      <td>0.377657</td>\n",
       "      <td>0.204146</td>\n",
       "      <td>0.275929</td>\n",
       "      <td>0.344101</td>\n",
       "      <td>0.300435</td>\n",
       "      <td>0.455781</td>\n",
       "      <td>0.255381</td>\n",
       "      <td>0.283655</td>\n",
       "      <td>0.280009</td>\n",
       "      <td>0.257689</td>\n",
       "      <td>1.000000</td>\n",
       "      <td>0.203908</td>\n",
       "      <td>0.364718</td>\n",
       "      <td>0.300686</td>\n",
       "      <td>0.178890</td>\n",
       "      <td>0.156717</td>\n",
       "      <td>-0.000879</td>\n",
       "      <td>0.109037</td>\n",
       "    </tr>\n",
       "    <tr>\n",
       "      <th>DLG.DE</th>\n",
       "      <td>0.298283</td>\n",
       "      <td>0.119150</td>\n",
       "      <td>0.223428</td>\n",
       "      <td>0.103012</td>\n",
       "      <td>0.042183</td>\n",
       "      <td>0.086551</td>\n",
       "      <td>0.396653</td>\n",
       "      <td>0.274722</td>\n",
       "      <td>0.178829</td>\n",
       "      <td>0.203137</td>\n",
       "      <td>0.269229</td>\n",
       "      <td>0.147012</td>\n",
       "      <td>0.203908</td>\n",
       "      <td>1.000000</td>\n",
       "      <td>0.283833</td>\n",
       "      <td>0.041856</td>\n",
       "      <td>0.195694</td>\n",
       "      <td>0.125435</td>\n",
       "      <td>0.010675</td>\n",
       "      <td>0.081087</td>\n",
       "    </tr>\n",
       "    <tr>\n",
       "      <th>SOW.DE</th>\n",
       "      <td>0.534715</td>\n",
       "      <td>0.274173</td>\n",
       "      <td>0.523745</td>\n",
       "      <td>0.311668</td>\n",
       "      <td>0.393143</td>\n",
       "      <td>0.374878</td>\n",
       "      <td>0.428569</td>\n",
       "      <td>0.498730</td>\n",
       "      <td>0.289962</td>\n",
       "      <td>0.312227</td>\n",
       "      <td>0.267738</td>\n",
       "      <td>0.185919</td>\n",
       "      <td>0.364718</td>\n",
       "      <td>0.283833</td>\n",
       "      <td>1.000000</td>\n",
       "      <td>0.396353</td>\n",
       "      <td>0.219149</td>\n",
       "      <td>0.179050</td>\n",
       "      <td>0.042426</td>\n",
       "      <td>0.148136</td>\n",
       "    </tr>\n",
       "    <tr>\n",
       "      <th>HNR1.DE</th>\n",
       "      <td>0.670199</td>\n",
       "      <td>0.456712</td>\n",
       "      <td>0.428681</td>\n",
       "      <td>0.249495</td>\n",
       "      <td>0.363510</td>\n",
       "      <td>0.396735</td>\n",
       "      <td>0.414411</td>\n",
       "      <td>0.384922</td>\n",
       "      <td>0.335031</td>\n",
       "      <td>0.231701</td>\n",
       "      <td>0.299889</td>\n",
       "      <td>0.234824</td>\n",
       "      <td>0.300686</td>\n",
       "      <td>0.041856</td>\n",
       "      <td>0.396353</td>\n",
       "      <td>1.000000</td>\n",
       "      <td>0.065444</td>\n",
       "      <td>0.082846</td>\n",
       "      <td>0.056153</td>\n",
       "      <td>0.070591</td>\n",
       "    </tr>\n",
       "    <tr>\n",
       "      <th>AAPL</th>\n",
       "      <td>0.231392</td>\n",
       "      <td>-0.032124</td>\n",
       "      <td>0.282770</td>\n",
       "      <td>0.267018</td>\n",
       "      <td>0.057321</td>\n",
       "      <td>0.095042</td>\n",
       "      <td>0.267815</td>\n",
       "      <td>0.342554</td>\n",
       "      <td>0.062106</td>\n",
       "      <td>0.118147</td>\n",
       "      <td>0.029929</td>\n",
       "      <td>-0.010323</td>\n",
       "      <td>0.178890</td>\n",
       "      <td>0.195694</td>\n",
       "      <td>0.219149</td>\n",
       "      <td>0.065444</td>\n",
       "      <td>1.000000</td>\n",
       "      <td>0.674954</td>\n",
       "      <td>0.457619</td>\n",
       "      <td>0.325124</td>\n",
       "    </tr>\n",
       "    <tr>\n",
       "      <th>MSFT</th>\n",
       "      <td>0.258076</td>\n",
       "      <td>0.011860</td>\n",
       "      <td>0.320601</td>\n",
       "      <td>0.220716</td>\n",
       "      <td>0.148288</td>\n",
       "      <td>0.011806</td>\n",
       "      <td>0.218810</td>\n",
       "      <td>0.304855</td>\n",
       "      <td>0.132299</td>\n",
       "      <td>0.120938</td>\n",
       "      <td>0.103142</td>\n",
       "      <td>0.022337</td>\n",
       "      <td>0.156717</td>\n",
       "      <td>0.125435</td>\n",
       "      <td>0.179050</td>\n",
       "      <td>0.082846</td>\n",
       "      <td>0.674954</td>\n",
       "      <td>1.000000</td>\n",
       "      <td>0.575748</td>\n",
       "      <td>0.484243</td>\n",
       "    </tr>\n",
       "    <tr>\n",
       "      <th>IBM</th>\n",
       "      <td>0.229422</td>\n",
       "      <td>0.082028</td>\n",
       "      <td>0.212589</td>\n",
       "      <td>0.360622</td>\n",
       "      <td>0.150762</td>\n",
       "      <td>0.002002</td>\n",
       "      <td>0.193078</td>\n",
       "      <td>0.118858</td>\n",
       "      <td>0.049694</td>\n",
       "      <td>0.062879</td>\n",
       "      <td>0.069100</td>\n",
       "      <td>0.077847</td>\n",
       "      <td>-0.000879</td>\n",
       "      <td>0.010675</td>\n",
       "      <td>0.042426</td>\n",
       "      <td>0.056153</td>\n",
       "      <td>0.457619</td>\n",
       "      <td>0.575748</td>\n",
       "      <td>1.000000</td>\n",
       "      <td>0.400957</td>\n",
       "    </tr>\n",
       "    <tr>\n",
       "      <th>PVH</th>\n",
       "      <td>0.283691</td>\n",
       "      <td>0.021676</td>\n",
       "      <td>0.213570</td>\n",
       "      <td>0.199888</td>\n",
       "      <td>0.119211</td>\n",
       "      <td>0.059785</td>\n",
       "      <td>0.250371</td>\n",
       "      <td>0.202156</td>\n",
       "      <td>0.198112</td>\n",
       "      <td>0.231747</td>\n",
       "      <td>0.178467</td>\n",
       "      <td>0.090193</td>\n",
       "      <td>0.109037</td>\n",
       "      <td>0.081087</td>\n",
       "      <td>0.148136</td>\n",
       "      <td>0.070591</td>\n",
       "      <td>0.325124</td>\n",
       "      <td>0.484243</td>\n",
       "      <td>0.400957</td>\n",
       "      <td>1.000000</td>\n",
       "    </tr>\n",
       "  </tbody>\n",
       "</table>\n",
       "</div>"
      ],
      "text/plain": [
       "           ^GDAXI    DTE.DE    SAP.DE    FME.DE    BEI.DE    DB1.DE    IFX.DE  \\\n",
       "^GDAXI   1.000000  0.613351  0.745182  0.486171  0.465801  0.496410  0.719384   \n",
       "DTE.DE   0.613351  1.000000  0.401727  0.222460  0.404836  0.304562  0.350156   \n",
       "SAP.DE   0.745182  0.401727  1.000000  0.413244  0.423792  0.429580  0.610232   \n",
       "FME.DE   0.486171  0.222460  0.413244  1.000000  0.191228  0.369388  0.305413   \n",
       "BEI.DE   0.465801  0.404836  0.423792  0.191228  1.000000  0.298629  0.291088   \n",
       "DB1.DE   0.496410  0.304562  0.429580  0.369388  0.298629  1.000000  0.315919   \n",
       "IFX.DE   0.719384  0.350156  0.610232  0.305413  0.291088  0.315919  1.000000   \n",
       "WDI.DE   0.579810  0.245438  0.632986  0.269086  0.314712  0.388089  0.504860   \n",
       "ADS.DE   0.556142  0.325793  0.436144  0.206978  0.334297  0.324507  0.384815   \n",
       "FIE.DE   0.419163  0.246833  0.328306  0.211184  0.260372  0.172512  0.360643   \n",
       "FNTN.DE  0.492756  0.492506  0.262073  0.213068  0.291202  0.196697  0.344268   \n",
       "DRW3.DE  0.342825  0.190723  0.297203  0.095037  0.149968  0.175507  0.324783   \n",
       "AFX.DE   0.375998  0.164419  0.377657  0.204146  0.275929  0.344101  0.300435   \n",
       "DLG.DE   0.298283  0.119150  0.223428  0.103012  0.042183  0.086551  0.396653   \n",
       "SOW.DE   0.534715  0.274173  0.523745  0.311668  0.393143  0.374878  0.428569   \n",
       "HNR1.DE  0.670199  0.456712  0.428681  0.249495  0.363510  0.396735  0.414411   \n",
       "AAPL     0.231392 -0.032124  0.282770  0.267018  0.057321  0.095042  0.267815   \n",
       "MSFT     0.258076  0.011860  0.320601  0.220716  0.148288  0.011806  0.218810   \n",
       "IBM      0.229422  0.082028  0.212589  0.360622  0.150762  0.002002  0.193078   \n",
       "PVH      0.283691  0.021676  0.213570  0.199888  0.119211  0.059785  0.250371   \n",
       "\n",
       "           WDI.DE    ADS.DE    FIE.DE   FNTN.DE   DRW3.DE    AFX.DE    DLG.DE  \\\n",
       "^GDAXI   0.579810  0.556142  0.419163  0.492756  0.342825  0.375998  0.298283   \n",
       "DTE.DE   0.245438  0.325793  0.246833  0.492506  0.190723  0.164419  0.119150   \n",
       "SAP.DE   0.632986  0.436144  0.328306  0.262073  0.297203  0.377657  0.223428   \n",
       "FME.DE   0.269086  0.206978  0.211184  0.213068  0.095037  0.204146  0.103012   \n",
       "BEI.DE   0.314712  0.334297  0.260372  0.291202  0.149968  0.275929  0.042183   \n",
       "DB1.DE   0.388089  0.324507  0.172512  0.196697  0.175507  0.344101  0.086551   \n",
       "IFX.DE   0.504860  0.384815  0.360643  0.344268  0.324783  0.300435  0.396653   \n",
       "WDI.DE   1.000000  0.351152  0.314709  0.246952  0.263770  0.455781  0.274722   \n",
       "ADS.DE   0.351152  1.000000  0.302656  0.278471  0.196362  0.255381  0.178829   \n",
       "FIE.DE   0.314709  0.302656  1.000000  0.296524  0.145062  0.283655  0.203137   \n",
       "FNTN.DE  0.246952  0.278471  0.296524  1.000000  0.201228  0.280009  0.269229   \n",
       "DRW3.DE  0.263770  0.196362  0.145062  0.201228  1.000000  0.257689  0.147012   \n",
       "AFX.DE   0.455781  0.255381  0.283655  0.280009  0.257689  1.000000  0.203908   \n",
       "DLG.DE   0.274722  0.178829  0.203137  0.269229  0.147012  0.203908  1.000000   \n",
       "SOW.DE   0.498730  0.289962  0.312227  0.267738  0.185919  0.364718  0.283833   \n",
       "HNR1.DE  0.384922  0.335031  0.231701  0.299889  0.234824  0.300686  0.041856   \n",
       "AAPL     0.342554  0.062106  0.118147  0.029929 -0.010323  0.178890  0.195694   \n",
       "MSFT     0.304855  0.132299  0.120938  0.103142  0.022337  0.156717  0.125435   \n",
       "IBM      0.118858  0.049694  0.062879  0.069100  0.077847 -0.000879  0.010675   \n",
       "PVH      0.202156  0.198112  0.231747  0.178467  0.090193  0.109037  0.081087   \n",
       "\n",
       "           SOW.DE   HNR1.DE      AAPL      MSFT       IBM       PVH  \n",
       "^GDAXI   0.534715  0.670199  0.231392  0.258076  0.229422  0.283691  \n",
       "DTE.DE   0.274173  0.456712 -0.032124  0.011860  0.082028  0.021676  \n",
       "SAP.DE   0.523745  0.428681  0.282770  0.320601  0.212589  0.213570  \n",
       "FME.DE   0.311668  0.249495  0.267018  0.220716  0.360622  0.199888  \n",
       "BEI.DE   0.393143  0.363510  0.057321  0.148288  0.150762  0.119211  \n",
       "DB1.DE   0.374878  0.396735  0.095042  0.011806  0.002002  0.059785  \n",
       "IFX.DE   0.428569  0.414411  0.267815  0.218810  0.193078  0.250371  \n",
       "WDI.DE   0.498730  0.384922  0.342554  0.304855  0.118858  0.202156  \n",
       "ADS.DE   0.289962  0.335031  0.062106  0.132299  0.049694  0.198112  \n",
       "FIE.DE   0.312227  0.231701  0.118147  0.120938  0.062879  0.231747  \n",
       "FNTN.DE  0.267738  0.299889  0.029929  0.103142  0.069100  0.178467  \n",
       "DRW3.DE  0.185919  0.234824 -0.010323  0.022337  0.077847  0.090193  \n",
       "AFX.DE   0.364718  0.300686  0.178890  0.156717 -0.000879  0.109037  \n",
       "DLG.DE   0.283833  0.041856  0.195694  0.125435  0.010675  0.081087  \n",
       "SOW.DE   1.000000  0.396353  0.219149  0.179050  0.042426  0.148136  \n",
       "HNR1.DE  0.396353  1.000000  0.065444  0.082846  0.056153  0.070591  \n",
       "AAPL     0.219149  0.065444  1.000000  0.674954  0.457619  0.325124  \n",
       "MSFT     0.179050  0.082846  0.674954  1.000000  0.575748  0.484243  \n",
       "IBM      0.042426  0.056153  0.457619  0.575748  1.000000  0.400957  \n",
       "PVH      0.148136  0.070591  0.325124  0.484243  0.400957  1.000000  "
      ]
     },
     "execution_count": 63,
     "metadata": {},
     "output_type": "execute_result"
    }
   ],
   "source": [
    "correlation_matrix = pct_changes.corr()\n",
    "correlation_matrix"
   ]
  },
  {
   "cell_type": "code",
   "execution_count": 64,
   "metadata": {},
   "outputs": [
    {
     "data": {
      "text/plain": [
       "<matplotlib.axes._subplots.AxesSubplot at 0x7f2fc66d9898>"
      ]
     },
     "execution_count": 64,
     "metadata": {},
     "output_type": "execute_result"
    },
    {
     "data": {
